100
40 59
1 10 
0 11 
3 12
2 13
5 14
4 15
7 16
6 17
9 18
8 19
0 20
1 12
2 11
3 23
4 24
5
6 26
7 18
8 17 28
9 19 29
10 30
31
23 32
13 22
14 25
24 26
16 25
28 37
18 27
19 39
20 40
21 41
22 33
32 43
35 44
34 36
35 37
27 36
39 48
29 38 49
30 41
31 40 51
52
33 44
34 43
55
47 56
46 48
38 47
39
51 60
41 50
42 53 62
52 63
64
45 56 65
46 55
58
57 68
69
50 61 70
60 71
52 72
53 64
54 63
55 66
65 67
66 77
58 78
59 79
60
61 72
62 71 82
74 83
73 84
76 85
75
67 87
68 88
69 89
81 90
80 91
72 92
73
74 94
75 86
85 87 96
77 86
78 89
79 88 99
80
81 92
82 91 93
92 94
84 93
96
86 95 97
96 98
97 99
89 98